6
0.00	19.72	2.32	11.62	11.46	4.43
19.72	0.00	18.76	8.70	8.28	17.98
2.32	18.76	0.00	11.23	10.52	6.03
11.62	8.70	11.23	0.00	2.81	9.31
11.46	8.28	10.52	2.81	0.00	10.21
4.43	17.98	6.03	9.31	10.21	0.00
